SNP	weighted_allele	weight	BETA_STUDYA_ALIGNED	SE_STUDYA	BETA_STUDYB_ALIGNED	SE_STUDYB	META_BETA	META_SE	META_Z	META_P	Z_VS_ORAM	P_VS_ORAM
1:114377568	A	0.67	0.640884977543738	0.059801121708291306	0.6702	0.02288	0.666456709566584	0.021369333495504718	31.187529068549598	1.572717431884351e-213	-0.1658119301737431	0.868304957170969
1:206939904	G	0.17	0.22793325760838348	0.05966899214725606	0.16326	0.02186	0.17091300578324217	0.02052590689406118	8.326696923325368	8.312920735325722e-17	0.04448065500610464	0.9645212717819777
2:163124051	T	0.15	0.16519246339234697	0.04146863880385642	0.14739	0.01576	0.14963678638425337	0.014731963052547415	10.157287650703044	3.0751229633717432e-24	-0.024654800887775472	0.9803303077760792
2:204738919	G	0.2	0.26426904473617296	0.040750149298150545	0.19075	0.01517	0.19969844500329575	0.014216839586237406	14.04661308808841	8.080722895627636e-45	-0.021211113403584878	0.9830772490635904
4:123377980	A	0.11	0.06831370885726604	0.04451563657774327	0.11629	0.01692	0.11023382984811324	0.015816059377365146	6.969740516140973	3.1752609188048624e-12	0.014784330441239897	0.9882042407131778
6:29939900	T	0.43	0.4171076834250132	0.06045846179893937	0.43318	0.0227	0.43119417743125543	0.021251425923374142	20.290129188789685	1.571816411389123e-91	0.05619281433449508	0.9551882054501364
6:31431780	T	0.92	1.1954832370668724	0.17284559034064323	0.88391	0.06	0.917416904046439	0.05668202822954749	16.185322450550622	6.401365729258607e-59	-0.04557169237311199	0.9636516319365369
6:32413545	A	2.7	2.496748586008353	0.1371146607586288	2.73265	0.05715	2.697733675430819	0.05275126545269029	51.140643779442	0.0	-0.04296246828833914	0.9657314521801749
6:90958231	G	0.12	0.18584664085638453	0.03963260019505901	0.11033	0.01511	0.1199135657706717	0.014118702865706882	8.493242397071155	2.0095057730572193e-17	-0.006121966738051422	0.9951154077691585
6:126698719	G	0.16	0.13997097240192632	0.04006116496624136	0.16291	0.01505	0.16007296347512084	0.014088622609324001	11.361860411335233	6.475082997513889e-30	0.005178893433667019	0.9958678593585562
7:51027194	C	0.26	0.1644143377080985	0.06347248219166374	0.27437	0.02454	0.2600713520497977	0.02288886036720968	11.36235478208312	6.438537840273659e-30	0.0031173264484547526	0.9975127373842182
10:6097283	T	0.46	0.4994698190293093	0.09589973311480139	0.45546	0.0348	0.460580934042116	0.032712760815960376	14.079549464910986	5.0732186183805134e-45	0.0177586369241119	0.9858314025044366
10:6122009	T	0.17	0.08051892182253634	0.04517415787325085	0.18336	0.01711	0.17045770685585687	0.016000745117937205	10.653110564505514	1.6863416997452055e-26	0.028605346343762442	0.9771793480649801
10:90023033	T	0.29	0.26246443388394763	0.04857207707619392	0.29513	0.01824	0.29109286016596714	0.017075698462224276	17.04720078127038	3.666782151577317e-65	0.06400090563702786	0.9489695056939667
11:2182224	T	0.56	0.6246962874633936	0.049896546328427584	0.55156	0.01869	0.5605588903716265	0.017502436526035062	32.027477405090956	4.520548689875861e-225	0.03193214674968999	0.9745261623060469
12:56482180	T	0.3	0.29995206244135497	0.04282399651884269	0.30062	0.01609	0.300537372654579	0.01506194865571759	19.95341901132385	1.3998080160213552e-88	0.035677498766074255	0.9715395125106723
14:69263599	C	0.15	0.10971657449682758	0.04372482662916451	0.15721	0.0163	0.1514151729996629	0.015273254424660376	9.913746526423745	3.6278140739349617e-23	0.0926569387450225	0.9261761076842527
15:38902476	C	0.13	0.23497214970387578	0.05119377099063657	0.11479	0.01953	0.13005868002698404	0.018247269417494934	7.1275694489547945	1.0215673324451568e-12	0.003215825099166392	0.997434147225608
15:79235446	C	0.15	0.10536527572354308	0.04266213179598893	0.15712	0.01637	0.15047783421838715	0.015283485487041799	9.8457799005319	7.148264642903084e-23	0.03126474120005458	0.9750584090996754
16:11179873	A	0.21	0.23234361113701865	0.043391350609933106	0.20998	0.0162	0.21271586202106438	0.015176768079048726	14.015886710077297	1.2463183482772114e-44	0.17894864090422438	0.8579780292410225
16:28539848	C	0.15	0.1729379161995993	0.04232851849048589	0.14842	0.01585	0.15143501487082348	0.014843489835702498	10.202116654978429	1.9399774857853837e-24	0.0966763804676103	0.9229833976073649
16:75247245	G	0.25	0.20694324453627833	0.06488509040533531	0.25999	0.02455	0.2533469726792623	0.02296140825196376	11.033599067583102	2.631199947444568e-28	0.14576513088982984	0.8841068033546566
18:12809340	G	0.18	0.2315471939966561	0.05653962228586389	0.17098	0.02086	0.17823664617379492	0.01957051029426001	9.10740923429428	8.43726323606065e-20	-0.09010259823026995	0.9282056845311114
18:67531642	T	0.15	0.2188211432241849	0.04049611568883976	0.13934	0.01516	0.14910959171150368	0.014197749945184695	10.502339616290794	8.426528654597373e-26	-0.06271474648687625	0.9499936545115747
19:47208481	T	0.15	0.12317192757679507	0.05557037569974942	0.1545	0.02145	0.15043758814454639	0.020010985228665634	7.5177501969790725	5.5726846654163265e-14	0.021867396309880265	0.9825537325286173
20:1610551	C	0.1	0.18168220217937633	0.042635200621038434	0.08933	0.01621	0.10099381077553538	0.01515182395286238	6.66545566327388	2.6384545481851807e-11	0.06559017439927592	0.9477041119623477
21:43841328	A	0.12	0.10739344674511828	0.04116401684459246	0.12179	0.01544	0.1200143780667308	0.014456519078361168	8.301747980699652	1.0259064978412805e-16	0.0009945732200728854	0.9992064455139433
22:30581722	T	0.1	0.1851137909735066	0.040411549005621876	0.0916	0.01533	0.10336411720593508	0.014333337836970009	7.211447771734494	5.536008184220834e-13	0.23470577783061805	0.8144371029338364
